2760100285
2784852646
2897945169
2897195769
2791258091
2888491225
2888261723
2888286956
2887439418
2887376815
2887202921
2887951635
2888221106
2888228969
2888843702
2888902882
2887587105
2889363901
2889213455
2889085542
2889118405
2889049182
2854471438
2894746673
2894747920
2894803193
2894603674
2894286678
2890179316
2892064351
2892277620
2893874226
2893439962
2893740070
2893972992
2893149141
2893640826
2895391202
2895071476
2895544739
2895203246
2895601167
2895409706
2895428196
2889753058
2892795176
2896339617
2896273718
2896457000
2889646687
2895996421
2896004214
2896017664
2885882377
2885892355
2885906701
2886511239
2808210343
2890623929
2890937966
2809999733
2795987239
2811315911
2891140938
2890498216
2890525941
2891184255
2890662384
2890465610
2890779217
2890847992
2802644710
2576038375
2885352177
2891603646
2896868164
2885440359
2885033426
2619599536
2261009932
2883724305
2898355885
2898356931
2891916141
2898591874
2891428319
2891458358
2898515236
2808451352
2808021395
2594897147
2611434696
2789659576
2736602210
2892885892
2892599584
2886960402
2887053471
2893840913
2888240061
