1009626802
101132528
1011638332
1013235724
101557099
1017570773
1020633941
1020659046
1020833696
10211374
1024182683
102500941
1025061504
1026239252
1028755860
1029350835
103090162
1030914554
1033316025
1035875811
103701988
1040111410
1040262596
1040563702
104154533
1042423912
1043921384
1044105369
1044106596
1046487385
1046642269
1047306120
104819647
1053907492
1058590828
1059229845
1061820890
1063412800
1065883877
1069280640
1069693823
1071136198
1073918878
107440705
1074958431
1077124496
1077653857
1079567482
108094617
1081206723
1081471053
1084827881
109636739
1101938099
1105692914
1106295328
1107508256
1107947989
1108941968
1109161572
11125969
1116465354
1118178983
1120268904
1121437253
1122742452
1123507228
1125492641
1126103415
112664280
1128807630
112910145
1130194494
1132266506
1132466017
1133706465
1134760018
1135403299
1135667589
1137659061
1137795904
1138705170
1139321046
113966164
1139823584
1145285759
1145947255
1146399046
1146771516
1148804415
1148908938
1148995787
114974927
1152762174
1153473355
1153826633
1154077572
1158724814
1159075069
115978284
